11  212 1222121  12 1  11111  22111212112212 212 1 22111  1 2  21 1 2111  1  21122121  12 1  11111  22111212112212 212 1 22111  1 2  21 1 2111
111 1111  1  1 1111 1 11 11112222122 1  21211 21112   11 1 11 1 11111 2121212
222 12222 1  2211 1 2111  1 11111 1   2111 2  212  11 1212   111  112 1112      
11    2 21 1  11  1 2   221  2 21  11  111    1    21 12 1 1 1                  
 22   1   1211 2  11  121 11111 111211    12  1   1                             
1 2211  12 22 1    11 11 1  1 21                                                
12   1111121    211 1   2 1 11   11                                             
 1 111  1   11  12  1                                                           
   211  1                                                                       
11                                                                              
                                                                                
                                                                                
                                                                                                                                                    
                                                                                
                                                                                                                                                                
                                                                                
                                                                                
                                                                                
                                                                                
                                                                                                                                                                
                                                                                
                                                                                
                                                                                
                                                                                
                                                                                                                                                                
                                                                                
                                                                                
                                                                                
                                                                                
                                                                                                                                                                
                                                                                
                                                                                
                                                                                
                                                                                
                                                                                                                                                                
                                                                                
                                                                                
                                                                                
                                                                                
                                                                                
                                                                                
                                                                                
                                                                                
                                                                                                                                                                
                                                                                
                                                                                
                                                                                
                                                                                
                                                                                                                                                                
                                                                                
                                                                                
                                                                                
                                                                                
                                                                                                                                                                
                                                                                
                                                                                
                                                                                
                                                                                
                                                                                                                                                                
                                                                                                                                                                
                                                                                
                                                                                
                                                                                
                                                                                                                           
                                                                                
                                                                                
                                                                                                                                                                
                                                                                
                                                                                
                                                                                      




                                                                                
                                                                                
                                                                                                                                                                
                                                                                                                                  
                                                                                
                                                                                
                                                                                                                     
                                                                             
                                                                                                                                    1 11
                                                                                                                            2 1 11111 1 111
                                                                                                            1 1 1  2111 1 1 212211 211111
                                                                                                1 11     1 2  2111  1 11 11    122 2 112 011
                                                                                1   11  212   21  2 1  11 1 11121112   222121   111 1211111
                                                                11  212 1222121  12 1  11111  22111212112212 212 1 22111  1 2  21 1 2111  1  211
                        1  211212112212 212 1 22111  1 2  21 1 2111  1  211  122     111 21 111111121 11 11 1  221111   11  11112     2  0 1
11  212 1222121  12 1  11111  22111212112212 212 1 22111  1 2  21 1 2111  1  21122121  12 1  11111  22111212112212 212 1 22111  1 2  21 1 2111  