     000000  000000  0000000  00000   00000     222 222  22222  222222     2     22222  2222222 222 222    
     0     0 0     0 0       0     0 0     0    222 222 2     2 2     2   2 2   2     2 2       222 222    
     0     0 0     0 0       0       0           2   2  2       2     2  2   2  2       2        2   2     
     000000  000000  00000    00000   00000              22222  222222  2     2 2       22222              
     0       0   0   0             0       0                  2 2       2222222 2       2                  
     0       0    0  0       0     0 0     0            2     2 2       2     2 2     2 2                  
     0       0     0 0000000  00000   00000              22222  2       2     2  22222  2222222            




                                                                                                          
 0000000 0000000    000000  0     0 0     0    0000000 0     0 0000000     00000     0    0     0 0000000 
    0    0     0    0     0 0     0 00    0       0    0     0 0          0     0   0 0   00   00 0       
    0    0     0    0     0 0     0 0 0   0       0    0     0 0          0        0   0  0 0 0 0 0       
    0    0     0    000000  0     0 0  0  0       0    0000000 00000      0  0000 0     0 0  0  0 00000   
    0    0     0    0   0   0     0 0   0 0       0    0     0 0          0     0 0000000 0     0 0       
    0    0     0    0    0  0     0 0    00       0    0     0 0          0     0 0     0 0     0 0       
    0    0000000    0     0  00000  0     0       0    0     0 0000000     00000  0     0 0     0 0000000 