                                                               000022222222222222222222222222222222222222222222222220000                                                                                                                                     0000                                                 0000                                                                
                                                               200022222222222222222222222222222222222222222222222222002                                                                                                                                      000                                                  00                                                                 
                                                               222200000000000000000000000000000000000000000000000222222                                                                                                                                         00000000000000000000000000000000000000000000000                                                                      
                                                               222200000000000000000000000000000000000000000000000022222                                                                                                                                         000000000000000000000000000000000000000000000000                                                                     
                                                               222200000000000000000000000000000000000000000002220022222                                                                                                                                          0000000000000000000000000000000000000000000   00                                                                     
                                                               222200000000000000000000000000000000000000000002000022222                                                                                                                                         0000000000000000000000000000000000000000000 0000                                                                     
                                                               222200000000000000000000000000000000000000000002000022222                                                                                                                                         0000000000000000000000000000000000000000000 0000                                                                     
                                                               222200000000000000000000000000000000000000000002000022222                                                                                                                                         000000000000000000000       000000000000000 0000                                                                     
                                                               222200000000000000000000000000000000000000000002000022222                                                                                                                                         000000000000000000000        00000000000000 0000                                                                     
                                                               222200000000000000                  000000000002000022222                                                                                                                                         000000000000000000              00000000000 0000                                                                     
                                                               222200000000000000                  000000000002000022222                                                                                                                                         00000000000000000               00000000000 0000                                                                     
                                                               222200000000000000   000000000000000   000000002000022222                                                                                                                                         00000000000000                     00000000 0000                                                                     
                                                               222200000000000000    00000000000000   000000002000022222                                                                                                                                         000000000000000000000        00000000000000 0000                                                                     
                                                               222200000000000000    00000000000000   000000002000022222                                                                                                                                         000000000000000000000       000000000000000 0000                                                                     
                                                               222200000000000000    00000000000000   000000002000022222                                                                                                                                         000000000000000000000       000000000000000 0000                                                                     
                                                               222200000000000000    00000000000000   000000002000022222                                                                                                                                         000000000000000000000       000000000000000 0000                                                                     
                                                               222200000000000000   000000000000000   000000002000022222                                                                                                                                         000000000000000000000       000000000000000 0000                                                                     
                                                               222200000000000000    00000000000000  0000000002000022222                                                                                                                                         000000000000000000000       000000000000000 0000                                                                     
                                                               222200000000000000                  000000000002000022222                                                                                                                                         000000000000000000000       000000000000000 0000                                                                     
                                                               222200000000000000000000000000000000000000000002000022222                                                                                                                                         000000000000000000000       000000000000000 0000                                                                     
                                                               222200000000000000000000000000000000000000000002000022222                                                                                                                                         000000000000000000000       000000000000000 0000                                                                     
                                                               222200000000000000000000000000000000000000000002000022222                                                                                                                                         0000000000000000000000000000000000000000000 0000                                                                     
                                                               222200000000000000000000000000000000000000000002000022222                                                                                                                                         0000000000000000000000000000000000000000000 0000                                                                     
                                                               222200000000000000000000000000000000000000000000000022222                                                                                                                                         000000000000000000000000000000000000000000000000                                                                     
                                                               222200002222222222222222222222222222222222222200000022222                                                                                                                                         00000                                     000 00                                                                     
                                                               222220000000000000000000000000000000000000000000000022222                                                                                                                                          00000000000000000000000000000000000000000000000                                                                     
                                                               200222222222222222222222222222222222222222222222222222002                                                                                                                                       00                                                   00                                                                 
                                                               000022222222222222222222222222222222222222222222222220000                                                                                                                                     0000                                                 0000                                                                
                                                                                                                                                                                                                                                                                                                                                                                      
                                                                                                                                                                                                                                                                                                                                                                                      
                                                                                                                                                                                                                                                                                                                                                                                      
                                                                                                                                                                                                                                                                                                                                                                                      
00002222222222222222222222222222222222222222222222222000       00002222222222222222222222222222222222222222222222222000        00002222222222222222222222222222222222222222222222222000       00002222222222222222222222222222222222222222222222222000       00002222222222222222222222222222222222222222222222222000         0002222222222222222222222222222222222222222222222222000 
20002222222222222222222222222222222222222222222222222002       20002222222222222222222222222222222222222222222222222002        20002222222222222222222222222222222222222222222222222002       20002222222222222222222222222222222222222222222222222002       20002222222222222222222222222222222222222222222222222002         00                                                  00  
22220000000000000000000000000000000000000000000000002222       22220000000000000000000000000000000000000000000000002222        22220000000000000000000000000000000000000000000000002222       22220000000000000000000000000000000000000000000000002222       22220000000000000000000000000000000000000000000000002222            0000000000000000000000000000000000000000000000000     
22220000000000000000000000000000000000000000000000002222       22220000000000000000000000000000000000000000000000002222        22220000000000000000000000000000000000000000000000002222       22220000000000000000000000000000000000000000000000002222       22220000000000000000000000000000000000000000000000002222            0000000000000000000000000000000000000000000000000     
22220000000000000000000000000000000000000000000222002222       22220000000000000000000000000000000000000000000110002222        22220000000000000000000000000000000000000000000011002222       22220000000000000000000000000000000000000000000011002222       22220000000000000000000000000000000000000000000011002222            00000000000000000000000000000000000000000000   00     
22220000000000000000000000000000000000000000000200002222       22220000000000000000000000000000000000000000000100002222        22220000000000000000000000000000000000000000000010002222       22220000000000000000000000000000000000000000000010002222       22220000000000000000000000000000000000000000000010002222            0000000000000000000000000000000000000000000000000     
22220000000000000000000000000000000000000000000200002222       22220000000000000000000000000000000000000000000100002222        22220000000000000000000000000000000000000000000010002222       22220000000000000000000000000000000000000000000010002222       22220000000000000000000000000000000000000000000010002222            0000000000000000000000000000000000000000000000000     
22220000000000000000000000000000000000000000000200002222       22220000000000000000000000000000000000000000000100002222        22220000000000000000000000000000000000000000000010002222       22220000000000000000000000000000000000000000000010002222       22220000000000000000000000       00000000000000010002222            0000000000000000000000000000000000000000000000000     
22220000000000000000000000000000000000000000000200002222       22220000000000000000000000000000000000000000000100002222        22220000000000000000000000000000000000000000000010002222       22220000000000000000000000000000000000000000000010002222       22220000000000000000000000       00000000000000010002222            0000000000000000000000000000000000000000000000000     
222200000000000000                     00000000200002222       222200000000000000                     00000000100002222        222200000000000000    00000000000000    0000000010002222       2222000000000000000000    000000000000000000000010002222       22220000000000000000000000       00000000000000010002222            0000000000000000000000000000    00000000000000000     
222200000000000000    000000000000     00000000200002222       222200000000000000    0000000000000000000000000100002222        222200000000000000    00000000000000    0000000010002222       2222000000000000000       000000000000000000000010002222       22220000000000000000000000       00000000000000010002222            0000000000000000000000000000       00000000000000     
222200000000000000   00000000000000    00000000200002222       222200000000000000   00000000000000000000000000100002222        222200000000000000    00000000000000    0000000010002222       2222000000000000000       000000000000000000000010002222       22220000000000000000000000       00000000000000010002222            0000000000000000000000000000        0000000000000     
222200000000000000   00000000000000    00000000200002222       222200000000000000000              000000000000100002222        222200000000000000    00000000000000    0000000010002222       222200000000000                            0000010002222       22220000000000000000000000       00000000000000010002222            00000000000                            0000000000     
222200000000000000   00000000000000    00000000200002222       2222000000000000000000              00000000000100002222        222200000000000000    00000000000000    0000000010002222       222200000000000                            0000010002222       22220000000000000000000000       00000000000000010002222            00000000000                            0000000000     
222200000000000000   0000       000    00000000200002222       222200000000000000000000000000000000   00000000100002222        222200000000000000    000       0000    0000000010002222       222200000000000                            0000010002222       22220000000000000000000000       00000000000000010002222            00000000000                            0000000000     
222200000000000000   0000      0000    00000000200002222       222200000000000000000000000000000000   00000000100002222        222200000000000000    000       0000    0000000010002222       2222000000000000                           0000010002222       22220000000000000000000000        0000000000000010002222            00000000000                            0000000000     
222200000000000000   00000000000000    00000000200002222       222200000000000000000000000000000000   00000000100002222        222200000000000000    000       0000    0000000010002222       2222000000000000000       000000000000000000000010002222       2222000000000000000                     0000000010002222            0000000000000000000000000000        0000000000000     
222200000000000000   00000000000000    00000000200002222       222200000000000000                     00000000100002222        222200000000000000       0000000        0000000010002222       2222000000000000000000    000000000000000000000010002222       2222000000000000000000               0000000000010002222            0000000000000000000000000000     0000000000000000     
222200000000000000   00000000000000    00000000200002222       222200000000000000                     00000000100002222        222200000000000000       0000000        0000000010002222       2222000000000000000000    000000000000000000000010002222       22220000000000000000000              0000000000010002222            0000000000000000000000000000    00000000000000000     
22220000000000000000000000000000000000000000000200002222       22220000000000000000000000000000000000000000000100002222        22220000000000000000000000000000000000000000000010002222       22220000000000000000000000000000000000000000000010002222       22220000000000000000000000        0000000000000010002222            0000000000000000000000000000000000000000000000000     
22220000000000000000000000000000000000000000000200002222       22220000000000000000000000000000000000000000000100002222        22220000000000000000000000000000000000000000000010002222       22220000000000000000000000000000000000000000000010002222       22220000000000000000000000       00000000000000010002222            0000000000000000000000000000000000000000000000000     
22220000000000000000000000000000000000000000000200002222       22220000000000000000000000000000000000000000000100002222        22220000000000000000000000000000000000000000000010002222       22220000000000000000000000000000000000000000000010002222       22220000000000000000000000000000000000000000000010002222            0000000000000000000000000000000000000000000000000     
22220000000000000000000000000000000000000000000200002222       22220000000000000000000000000000000000000000000100002222        22220000000000000000000000000000000000000000000010002222       22220000000000000000000000000000000000000000000010002222       22220000000000000000000000000000000000000000000010002222            0000000000000000000000000000000000000000000000000     
22220000222222222222222222222222222222222222220002002222       22220000222222222222222222222222222222222222220000002222        22220000222222222222222222222222222222222222220000002222       22220000222222222222222222222222222222222222220000002222       22220000222222222222222222222222222222222222220000002222            00000                                      000 00     
22220000000000000000000000000000000000000000000000002222       22220000000000000000000000000000000000000000000000002222        22220000000000000000000000000000000000000000000000002222       22220000000000000000000000000000000000000000000000002222       22220000000000000000000000000000000000000000000000002222            000000000000000000000000000000000000000000000000     
20022222222222222222222222222222222222222222222222222002       20022222222222222222222222222222222222222222222222222002        20022222222222222222222222222222222222222222222222222002       20022222222222222222222222222222222222222222222222222002       20022222222222222222222222222222222222222222222222222002        000                                                  00  
00002222222222222222222222222222222222222222222222220000       00002222222222222222222222222222222222222222222222220000        00002222222222222222222222222222222222222222222222220000       00002222222222222222222222222222222222222222222222220000       00002222222222222222222222222222222222222222222222220000       000                                                  000 
